5266426201
5265641886
5266417890
5266428336
5266213885
5265663863
5266212007
5266211998
5266229779
5266215400
5266217292
5266230001
5266216758
5266227617
5266220009
5266218367
5266219088
5266229001
5266231768
5265670423
5265636565
5266444254
5266213846
5266222498
5266433197
5266222501
5266433172
5266215502
5266428710
5266243011
5266220471
5266230003
5266247917
5266211476
5266212307
5265676074
5265660197
5265637511
5266433545
5266214210
5265630139
5265676595
5266230783
5266426392
5266467539
5266216909
5265627830
5266212700
5266220575
5266442937
5266223398
5265630139
5266215501
5266417665
5266227673
5265641903
5266229003
5266231877
5266217341
5266222222
5266417860
5266222493
5266236139
5266211180
5266212053
5266231734
5266212413
5266231877
5266231608
5266214853
5266228777
5266412736
5266211142
5266212752
5266222500
5266212342
5266233930
5266220235
5266412359
5266284703
5266214358
5266219101
5266212383
5266235385
5266212050
5266412354
5266231582
5266222929
5266218706
5266439835
5266213851
5266229655
5266222394
5266426121
5266216989
5266430969
5266467013
5266427640
5266418402
5266456816
5266219004
5266436873
5266438731
5266434635
5266247172
5266230030
5266440007
5266214237
5266434858
5266437503
5266411943
5266436422
7215889050
7288651154
7209009256
7242853432
7248366221
7247868868
7283428614
7257282028
7251896682
7268347790
7251956775
7287952142
7201958883
7252618713
7291909795
7209389485
7273739991
7273112313
7282883712
7260298661
7261749061
7292630919
7280666786
7253719994
7290930103
7295134290
7269525896
7285265368
7288818322
7242838780
7270958585
7211950831
7263948122
7201038034
7282483589
7262739024
7237138341
7245543782
7241007370
7282785409
7233547002
7280794805
7232661849
7299322677
7278626696
7286630997
7281920853
7220878631
7200928692
7282390583
7279991978
7242982075
7244102441
7290858747
7245830028
7236820241
7285734820
7204498081
7294027610
7244803477
7269939379
7287496999
7261735226
7274260153
7291029769
7269235409
7222679006
7222431534
7200446360
7210803171
7271783926
7289530684
7221312402
7210827096
7298007061
7229452593
7234016098
7208447348
7244157193
7242726227
7237717561
7295200716
7235870053
7285469131
7297936556
7238282869
7275243880
7204883587
7243816734
7221918433
7222892281
7230354645
7219711903
7257149429
7257821857
7221843724
7215201015
7258823506
7291413598
7271473093
5536822283
5530508334
5519920588
5587160853
5571415565
5509911813
5572820547
5522940192
5549289271
5562750943
5597750054
5563337256
5574310686
5581980766
5561178501
5536054486
5545213312
5588055272
5533166861
5509964486
5517955851
5578571998
5574605691
5539611416
5591039997
5586934494
5564167139
5570870083
5582690394
5534130657
5570298386
5594682852
5581365889
5544571601
5530079538
5524923169
5547521079
5530384491
5545227710
5536990752
5550874813
5552496928
5590793393
5568764742
5533569818
5511380460
5509146012
5597720077
5558809948
5595075090
5591941713
5521527408
5503302809
5509478673
5555137289
5539870200
5591431379
5537502025
5554757745
5566715858
5595019770
5572557033
5508375956
5542451953
5530938284
5587367105
5590355590
5595088082
5500309036
5556226352
5511880499
5507597627
5521207929
5565846935
5575015764
5527389410
5502169644
5547955456
5532485123
5575195402
5577711407
5552656994
5517824333
5584111893
5544749015
5505146839
5562651162
5552656021
5522582007
5580617982
5599335590
5503306565
5575543505
5593593526
5586106437
5593670134
5594124573
5535534244
5598507965
5588548060